506  4  0
    1      96    49   116   145
    2      48    87   101   167
    3     138   161   172   187
    4      28    87   111   130
    5      57    45    58    95
    6     128   140   143   153
    7      13   110   133   169
    8      22    55    83   100
    9       8    43   153    71
   10     124   102   115   126
   11     116    44   148   154
   12      81    46   120   163
   13      17   103   150   152
   14     128    95   136   140
   15      27    48   166   167
   16     107    12   146   152
   17      52    68   112   180
   18       9    53   123   151
   19      16    34   145   156
   20     129    91   141   152
   21     112   131   185   188
   22     103    17   108   129
   23      73     6    90   115
   24      86    31    93   151
   25     123    33   144   151
   26      42    50    78    92
   27      38    12   146    60
   28      80   131   138   185
   29     105     3   117   169
   30      22   109   181   184
   31       9     5   144    50
   32      56    47    89   155
   33      32    74    98   102
   34       3    44   116   154
   35      16    15   145    49
   36      70    11    86    93
   37      92    33   144   158
   38      55    26   177   183
   39      18    80   119   172
   40     163    20   164   165
   41       9   123   135   172
   42      89    36   155   157
   43      10    19    52   185
   44      34    96   116   145
   45      65     8   105   184
   46     143    34   154   169
   47     104    71   114   153
   48      32    74   102   146
   49      55    26    83   178
   50      74   124    98   102
   51      44   116   148   149
   52     158   150   159   160
   53      45    43    57    58
   54      12    29    75   146
   55      38    32    60   146
   56     102    74   115   146
   57     168     1   169   184
   58     138   172   185   187
   59      54    22    64   181
   60      32    38    60    91
   61     110   117   133   169
   62      35    56    89   155
   63      19    10    99   185
   64      89    47   145   157
   65     107    60   129   152
   66      37    15    47    89
   67      60    32    91   146
   68      15    37    49    96
   69      55    83   121   178
   70     116    76   148   149
   71      29   102   115   146
   72      50    92   158   159
   73      29    90   115   126
   74     172    94   183   184
   75     114    71   125   132
   76      37    15    49   145
   77      80   138   172   185
   78      42    50    92   144
   79     117   105   169   171
   80      15    16   145    47
   81      95    58   128   136
   82     103    17   129   152
   83      52    19   182   185
   84      47    89   155   157
   85     136   128   140   154
   86      65   105   169   184
   87      49    76    96   116
   88      47    37    89   145
   89      77    34   116   145
   90     139    79   142   168
   91     169   110   171   181
   92      12   107   147   152
   93      92   150   158   160
   94      48   162   166   167
   95      25    18    80    85
   96       5    42    53   144
   97     112    52   182   185
   98      39    17   150   158
   99      10    52   112   185
  100      60   107   146   152
  101      18    80    85    99
  102      49    77   116   145
  103      32    38    74   146
  104      77    34   168   169
  105       8    63    72   184
  106     117    79   133   169
  107      28    87   101   111
  108     168   147   182   184
  109      34     3   169    77
  110      29     6    75   115
  111     105   143   169   184
  112      17    33   150   161
  113      11    86    93   151
  114      51    84   122   183
  115     150    40   159   160
  116      34     3   116   154
  117       5    42    50    78
  118      77    16   142   156
  119      53    86   123   151
  120      36    35    89   155
  121       9   123   144   151
  122      72    94   123   184
  123      42     5    50   144
  124      30   123   172   184
  125      30    11    93   151
  126      38    32    74    98
  127      41    31    86   151
  128      80    85    99   185
  129       6    29    90   115
  130      43     8   153    57
  131      83    23   100   121
  132      14    82   168   169
  133     131   179   186   188
  134      79    77   142   168
  135      26    55   177   178
  136      45    71   113   104
  137      33     9   161   172
  138      51   119   135   172
  139      31    70    86    93
  140     174   173   177   183
  141      93   114   125   132
  142      88    53   144   151
  143       9    33   123   172
  144     114    30   153    72
  145      11    30    93   114
  146     150    39   158   159
  147      63    65   171   184
  148      11    30   123   151
  149      30    72   123   184
  150      30    93   114   125
  151      12    69   182   188
  152      79    77   168   169
  153     172   183   185   188
  154     105   143   154   169
  155      59    53    88   170
  156      50    92   144   158
  157       1    13   168   169
  158      84    51   122   174
  159      22    54    13   169
  160      47   145   155   156
  161     171   169   181   184
  162     105    65   169   171
  163     104    71   113   125
  164      36    35   155   157
  165      15    37    47   145
  166      22    55   100   184
  167      47    16   145   156
  168     140   128   143   154
  169      16    34    77   145
  170      94    66   123   135
  171     107    17   186   188
  172      97   142   156   168
  173      53     9   144   151
  174       5     9   144    53
  175      40    39   150   159
  176      55   173   177   178
  177      94    66   135   183
  178      19     1   182   183
  179      90    73   115   126
  180      55    63   100   184
  181      33    17   150   152
  182      28     2   130   180
  183      34    16    77   156
  184      11    41    70    86
  185      12    38   146    74
  186     109    63   181   184
  187      41    31    70    86
  188      42     5    53    88
  189      92   158   159   160
  190     146    12   147   152
  191      53     5    59    88
  192      25    80   183   185
  193      47    15    56    89
  194      57    45    95   153
  195      52   112   179   180
  196      60    38    61    91
  197      71    45   113    43
  198     102    29   115   126
  199      19    25   183   185
  200      45    71   104   153
  201      15    49    76    96
  202      96    34   116   148
  203      33     9   123   144
  204      27     1   168   182
  205      53    42    88   144
  206       3    79   117   169
  207      44     4   116   149
  208       8    30    72   153
  209      57    95   128   153
  210     106   140   127   154
  211      29    34   156   157
  212     119   138   161   172
  213       4     3    44   116
  214     128    95   140   153
  215      12    29   146   147
  216      30   114   153   125
  217      34     3    77   116
  218      71   104   114   125
  219      83    22   100   109
  220      23    83   100   109
  221      84    51   174   183
  222      34   116   148   154
  223      70    11    93   114
  224      44     3   127   154
  225     147    12   182   188
  226      30    11    72   114
  227      22    23    64   181
  228      49    16    77   145
  229     108   103   129   141
  230      58    57    95   128
  231     103   129   141   152
  232      45    43    71   153
  233      87     2   111   130
  234      87    48   101   111
  235       6    29   156   157
  236      34   145   156   157
  237     179   112   182   185
  238     147    33   152   188
  239      43    45    57   153
  240      17   107   152   188
  241       1   168   182   184
  242      23    22    83   109
  243     186    17   187   188
  244      69   107   179   188
  245     169    22   181   184
  246       7    54    64   110
  247      13    54     7   110
  248      17   107   129   152
  249      17    33   161   188
  250      10    52    68   112
  251      71   113   125   132
  252      93    70   114   132
  253     182    19   183   185
  254     110     7   118   133
  255      74   124   102   115
  256       7    13   110   118
  257      86    41   151   170
  258      55    83   100   121
  259      26    25    84   183
  260     143   147   168   184
  261      61    60    91   137
  262      11    30    72   123
  263     122    84   174   176
  264      37    49    96   145
  265      91    60   129   137
  266     110   117   169   171
  267      60    91   129   152
  268      66    11    94   123
  269      11    72    94   123
  270     120   165   163   164
  271     115    73   124   126
  272       3     4    44   127
  273     129    91   137   141
  274       4     3   106   127
  275      30    33   123   151
  276     145    47   155   157
  277      22    54   169   181
  278      28     2    87   130
  279      54   110   169   181
  280      23    22   109   181
  281      54    64   110   181
  282      74    12    75   146
  283      82    13   118   169
  284      13   110   118   133
  285     107    12   147   188
  286     131   138   185   187
  287      31    88   151   170
  288     118   133   134   169
  289      82   118   134   169
  290      12    60   107   146
  291      21    82   118   134
  292      21    14    82   134
  293      75    29   115   146
  294       3    77    79   169
  295      55    22   183   184
  296     140   106   136   154
  297     122   174   175   176
  298      85    19    99   185
  299     103    39   108   150
  300      39    17   108   150
  301     122    18   172   183
  302     183   172   184   188
  303     131   185   186   187
  304     120   165    81   163
  305     173    24   177   178
  306      26    22     1   183
  307     108   129   137   141
  308     185   186   187   188
  309      29     6    90   157
  310     145   155   156   157
  311      18    25    80   183
  312     100    63   109   184
  313     161    33   172   188
  314      77    16   139   142
  315      79    77   139   142
  316      62     6    97   142
  317       3   106   127   154
  318      50    78    92   159
  319      84   174   176   183
  320      80    99   131   185
  321     119     9   135   172
  322      72    63    94   184
  323      30     8   143   153
  324      86    11   123   151
  325      91    60   146   152
  326     104   114   125   153
  327       8   105   143   153
  328     105   128   143   153
  329      17   103   108   150
  330      40    39   103   150
  331     147    30   172   184
  332      33    92   150   158
  333      76    96   116   148
  334     128   105   143   154
  335      74    75   115   146
  336     131   112   179   188
  337       8    30   143   184
  338      63     8    65   184
  339     182   183   184   188
  340      94    55   183   184
  341     119    51   122   172
  342     176   174   177   183
  343      29    12    75   147
  344       9   119   161   172
  345      82   134   168   169
  346     179    52   180   182
  347      13    54   110   169
  348     174    24   175   176
  349      30    33   147   172
  350     143   168   169   184
  351     119    80   138   172
  352     133    79   134   169
  353      18   119   122   172
  354      48    27   168   182
  355     118    13   133   169
  356      14    13    82   169
  357      51   122   172   183
  358      26    55    83   183
  359       1    25    26   183
  360     123    94   172   184
  361     173    24   174   177
  362      33    30   123   172
  363      22   100   109   184
  364       1    22   169   184
  365       8    57   105   153
  366     105    57   128   153
  367      71     8    72   153
  368      71    72   114   153
  369       3   105   128   154
  370     106     3   128   154
  371     106   128   136   154
  372       6    29    75   156
  373     134    79   139   169
  374     135    51   172   183
  375       6    97   142   156
  376      22    13     1   169
  377      22     1   183   184
  378       6    73    90   157
  379     155     6   156   157
  380      90    35    36   157
  381      35     6   155   157
  382      35    90    73   157
  383       6    35    73   157
  384     162    20   166   167
  385     150    33   158   161
  386      17   150   158   161
  387      33     9   144   161
  388      33   144   158   161
  389      33   147   172   188
  390       9    50   144   161
  391     144    50   158   161
  392      65   169   171   184
  393      69   179   182   188
  394     183   182   185   188
  395     147   182   184   188
  396     182   179   185   188
  397      34   143   168   169
  398      48    27    87   167
  399      33    17   152   188
  400     163    20   165   166
  401      13    14   168   169
  402     139    79   168   169
  403      80    25    85   185
  404       3   105   154   169
  405       3    34   169   154
  406      30     8    72   184
  407     162    20   163   166
  408     134   139   168   169
  409      14    82   134   168
  410     142    77   156   168
  411      77    34   156   168
  412      34    29   156   168
  413      29    75   156   168
  414      97    62   142   168
  415       1   182   183   184
  416      18    80   172   183
  417     112    52   179   182
  418     143    30   147   184
  419     172   185   187   188
  420      46    81   120   168
  421      21    14   134   168
  422       6    97   156   168
  423      75     6   156   168
  424      55    22    83   183
  425      48    27   166   168
  426      81    46   163   168
  427     179   112   185   188
  428     105     8   143   184
  429      94   135   172   183
  430      69    12   107   188
  431     173    55   177   183
  432      10   112   131   185
  433     174    24   176   177
  434      80   172   183   185
  435     162    48   166   168
  436     163   162   166   168
  437      88    53   151   170
  438      41    31   151   170
  439     172   147   184   188
  440     165   163   166   168
  441     165    81   163   168
  442      34   143   147   168
  443     123    94   135   172
  444      27     1    14   168
  445      53    86   151   170
  446      46   139   142   168
  447      29    34   147   168
  448     107   147   152   188
  449      27    14    81   168
  450      62    46   142   168
  451      14     1    13   168
  452     161   172   187   188
  453      21   134   139   168
  454      46   120   139   168
  455      81    14   120   168
  456      14    21   120   168
  457       6    75    97   168
  458     185   131   186   188
  459      62   163    46   168
  460      63   171   181   184
  461     120    21   139   168
  462      99    10   131   185
  463      97    48   162   168
  464      27    81   166   168
  465     163    62   162   168
  466      62    97   162   168
  467      81   165   166   168
  468      27    48    87   182
  469       2   130   180   182
  470      97    48   168   182
  471      12    75   147   182
  472      87    48   111   182
  473       2    87   111   182
  474       2   111   130   182
  475      75    97   168   182
  476      75   147   168    29
  477     147    75   168   182
  478       2    19     1   182
  479      63    55    94   184
  480      27     2     1   182
  481       2    52    19   182
  482     179   107   186   188
  483      67    69   179   182
  484       2    27    87   182
  485      52     2   180   182
  486     130    67   179   182
  487      67    12    69   182
  488     130   179   180   182
  489     130    48    67   182
  490      67    48    97   182
  491      12    67    75   182
  492      48   130   111   182
  493      75    67    97   182
  494      25     1    19   183
  495      84    25   122   183
  496      25    19    85   185
  497      22    26    83   183
  498      94    55   173   183
  499      26    84   177   183
  500      25    18   122   183
  501      51   173   174   183
  502      66    51   135   183
  503      66    94   173   183
  504      51    66   173   183
  505      84   176   177   183
  506      17   161   187   188

