188  3  0  0
   1    0.1069504  0.19356780000000001  1.644129
   2    -1.1927479999999999  0.19373940000000001  1.644129
   3    2.4556019999999998  -2.611634  -1.076003
   4    3.183211  -3.9307379999999998  -1.3506
   5    0.089764070000000001  5.500076  -1.3506
   6    -2.2311969999999999  -2.611634  -1.076003
   7    1.8567560000000001  -1.818349  1.690868
   8    3.128301  0.14373030000000001  -1.076003
   9    0.08337791  4.245698  -1.076004
  10    -1.6063210000000001  2.2966660000000001  1.690868
  11    2.4556019999999998  3.0759750000000001  -1.076003
  12    -2.896884  0.14373030000000001  -1.076003
  13    0.96595160000000002  -1.0342530000000001  1.644129
  14    0.115616  -1.2856289999999999  1.6441269999999999
  15    0.4254366  -5.4958150000000003  -1.3506
  16    0.08337791  -3.758807  -1.076004
  17    -2.2311969999999999  3.0759750000000001  -1.076003
  18    0.1069504  3.1499359999999998  1.690868
  19    -0.71424750000000004  1.494623  1.644129
  20    -1.6063210000000001  -1.818349  1.690868
  21    0.1069504  -2.6413660000000001  1.690868
  22    1.4543729999999999  0.19374340000000001  1.644129
  23    2.3568440000000002  0.18214089999999999  1.690868
  24    1.8567560000000001  2.2966660000000001  1.690868
  25    0.11566750000000001  1.754405  1.6441269999999999
  26    0.96507410000000005  1.494073  1.644129
  27    -0.71509049999999996  -1.0348200000000001  1.644129
  28    -2.0951650000000002  0.18214089999999999  1.690868
  29    -2.0765600000000002  -1.2116020000000001  -2.2677429999999998
  30    2.0022859999999998  1.7321610000000001  -2.2677429999999998
  31    2.6172200000000001  4.5509009999999996  -2.2677429999999998
  32    -4.5044740000000001  0.043553069999999999  -2.2677429999999998
  33    -0.64562050000000004  3.2217159999999998  -2.2677429999999998
  34    1.011771  -2.8081719999999999  -2.2677429999999998
  35    -3.0755159999999999  -4.3065610000000003  -1.3506
  36    -3.0755170000000001  -4.3065610000000003  -2.2677429999999998
  37    0.4254367  -5.4958159999999996  -2.2677429999999998
  38    -4.5044740000000001  0.043553099999999997  -1.3506
  39    -2.9641310000000001  4.5259710000000002  -1.3506
  40    -2.9641310000000001  4.5259720000000003  -2.2677429999999998
  41    2.6172200000000001  4.5509009999999996  -1.3506
  42    0.089764060000000007  5.500076  -2.2677429999999998
  43    4.5259010000000002  0.31252530000000001  -1.3506
  44    3.183211  -3.930739  -2.2677429999999998
  45    4.5259010000000002  0.31252530000000001  -2.2677429999999998
  46    -1.0746588178227683  -2.4289122953880917  0.82027431220204705
  47    -0.60512237784698475  -4.3769860341668139  -1.2440785724159145
  48    -2.1436961273961574  -0.81457344359626571  0.70375196120226324
  49    1.1376809645052837  -4.4839557379599642  -1.2542629400934242
  50    -0.55113439195112113  4.8306969989492954  -1.2747741719707553
  51    1.2778104410142908  2.9329563811003072  0.78758163049156227
  52    -1.4211335924696946  1.3550292749707555  1.66993947168563
  53    0.72502538264368277  4.8491702199743738  -1.2768667791161767
  54    1.6716119688343463  -0.89254721907542067  1.6693625018237563
  55    2.3942159418737536  1.2772238277373527  0.64383037080364192
  56    -1.0183871425645896  -5.0053561571296603  -1.3506
  57    3.9707475533815861  -0.47159192840820996  -1.2769664470778972
  58    4.2352075398052484  -0.60614460235601597  -1.3506
  59    0.94401911696893781  5.1792642601859091  -1.3506
  60    -3.8694011978848533  0.89070400735899691  -1.2738873573073528
  61    -4.1594866344925974  1.0474707614716505  -1.3506
  62    -1.8585417222129126  -2.1385451919175491  0.57406690363854018
  63    2.7638465652231154  0.16187637102202845  0.23113194907111323
  64    2.0857864392927024  -0.9021640873493979  1.690868
  65    2.6519298928049095  -0.59134229951127837  -0.039423561807889085
  66    2.1111600049237245  2.6277349737814109  0.51543547893897523
  67    -2.4857743441416567  0.16342668807027461  0.34280756157385617
  68    -1.8225322407689377  1.3614308421417434  1.690868
  69    -2.3865387251292143  0.99509560459623259  0.018139278235937306
  70    3.1421883755738458  3.3851675923217859  -1.3506
  71    4.0941102597836752  0.88888262399695916  -1.293328831974907
  72    2.7258123371068685  1.8981483214010597  -1.076003
  73    -3.4958203467432991  -3.0270469309655601  -1.3506
  74    -3.8639227926919739  -0.70461058728214687  -1.2732256017752512
  75    -2.5422578429741312  -1.3241130752127843  -1.076003
  76    1.5048643965017736  -4.883224058019537  -1.3506
  77    1.2083933872153623  -3.2147659098331856  -1.0760035257549732
  78    -0.79608482124361113  5.2175155929049204  -1.3506
  79    1.5590951762591492  -2.6229830399697693  -0.01985711105220056
  80    -0.61775354171212815  3.1270119413059372  0.83328206683386263
  81    -0.57125015007986435  -1.4981265161521851  1.6627715907840315
  82    0.67268918894401075  -1.5829202582290036  1.6600856620283486
  83    1.8726494774526852  0.63855997960072741  1.674607576643137
  84    0.81559589356443307  1.9723972908126974  1.6629171723798619
  85    -0.44708271314387488  2.0331549967637192  1.6593348535133472
  86    1.786052613835786  3.7620132598355154  -1.1537159533942904
  87    -1.5926879600802524  -0.26094743380377072  1.6738506039327521
  88    0.9440191161506778  5.1792642580070538  -2.2677429999999998
  89    -1.0183873581031104  -5.0053567916364576  -2.2677429999999998
  90    -3.495820986478515  -3.0270471411104207  -2.2677429999999998
  91    -4.1594866961730617  1.047470782667588  -2.2677429999999998
  92    -0.79608490587935776  5.2175158582448518  -2.2677429999999998
  93    3.1421883755738458  3.3851675923217859  -2.2677429999999998
  94    2.4139564903938382  1.8556668142308554  0.090765796548239797
  95    4.2352076020771809  -0.60614462206063369  -2.2677429999999998
  96    1.50486484058889  -4.8832248405318595  -2.2677429999999998
  97    -2.1704642630277817  -1.3643275121053462  0.15929199440615949
  98    -4.1961538565826322  -0.89505237559404505  -1.3506
  99    -1.0093255238424477  2.593990948015215  1.690868
 100    2.3732571000657003  0.66308207597395552  1.2310274747576462
 101    -1.9360865427144001  -0.46885378768651004  1.690868
 102    -4.1961540583095589  -0.89505244185876798  -2.2677429999999998
 103    -3.3323725595247935  3.4543840892381406  -2.2677429999999998
 104    4.2373077589523822  0.95336920217142973  -2.2677429999999998
 105    2.8064269048100932  -1.17466082438263  -1.076003
 106    3.4964011001174646  -2.9409726351341239  -1.3506
 107    -2.5698247039654314  1.58437415722283  -1.076003
 108    -3.3323723278580499  3.454384009627927  -1.3506
 109    2.5355923736480728  0.17324107501837865  1.0497775810343075
 110    2.1882494593741475  -1.3068323374175466  0.96954107926026467
 111    -2.1183356149326698  -0.2937286190577067  1.219581078471456
 112    -1.9379264335421622  1.7434770613841417  0.97993063583394591
 113    4.2292570977619297  0.97124632609027584  -1.3506
 114    3.1778636483828131  2.1118950600758684  -1.1718011827074135
 115    -3.0899980133067637  -1.6085545811702455  -1.1797405479763343
 116    1.6605804666825903  -3.7410917284121483  -1.1835363704260553
 117    2.17341197555599  -2.2378198415334385  0.22781032616970398
 118    1.193329278539828  -2.1303902176163949  1.690868
 119    0.098055236060063167  3.5634257343960294  0.64677889270497535
 120    -0.62936050751890837  -2.2876588207559587  1.690868
 121    2.2036539404035538  0.82987535091100351  1.690868
 122    0.87627285944623645  2.7747858833403605  1.690868
 123    1.5930062672359866  3.5013134292695214  -1.0760033636232076
 124    -3.8236362557227244  -2.0290913522461613  -1.3506
 125    3.6249218169782722  2.3132201649486972  -2.2677429999999998
 126    -3.823636690432644  -2.0290914950428269  -2.2677429999999998
 127    3.4964013206554432  -2.940972704918638  -2.2677429999999998
 128    3.3078241319324895  -1.4079270606853327  -1.1890386729932565
 129    -3.1462633739201999  1.8553286325625062  -1.186537035702365
 130    -2.2816568288077024  0.17320602002384733  1.0472524278793487
 131    -1.8102261629516956  2.5509646586694368  0.78800201999545372
 132    3.5997879014512559  2.3690319935442341  -1.3506
 133    2.0491167054148529  -2.0731672040040703  0.80209650056291759
 134    0.88384474526656054  -2.6315311557542782  0.77563372941596198
 135    0.94341625738189583  3.3004724613928147  0.26585086767643618
 136    3.8880827864618022  -1.7031526432171229  -1.3506
 137    -3.7666601554536019  2.1906008573258644  -1.3506
 138    -0.95233494957128495  3.1164283589763238  0.43735168428198712
 139    0.097466813383061762  -3.0909302383480948  0.57771150825979189
 140    3.8880829230942968  -1.7031526864515458  -2.2677429999999998
 141    -3.766660297866697  2.1906009062648448  -2.2677429999999998
 142    -0.71423012042630507  -2.8428302692669685  0.23007444587038983
 143    2.0023857198711328  -0.50304012838428136  -2.2677429999999998
 144    0.10312771885929706  4.237902858471255  -2.2677429999999998
 145    0.12099765688897113  -4.0216207031967697  -2.2677429999999998
 146    -2.9751703835708527  0.025967466021683965  -2.2677429999999998
 147    -0.64401895200693771  0.77360830973809147  -2.2677429999999998
 148    2.3440379202944452  -4.4069819202659293  -2.2677429999999998
 149    2.3440374836202964  -4.4069811508157439  -1.3506
 150    -1.9676563774728986  3.5844770398384189  -2.2677429999999998
 151    1.4208446226929106  3.9070766791044731  -2.2677429999999998
 152    -2.1768488539503252  1.5448900168144077  -2.2677429999999998
 153    3.152490191576816  0.17507177166283638  -2.2677429999999998
 154    2.30100266293561  -1.996789625401598  -2.2677429999999998
 155    -1.4181596889234922  -3.4943100170834072  -1.1600407862079574
 156    -1.1533236200787687  -3.1458604938248982  -1.0760034656895636
 157    -1.5717739694851742  -3.1038114105814536  -2.2677429999999998
 158    -1.3911656959755605  3.953335999474648  -1.1753885859853777
 159    -1.9571748276301879  4.8471611587326953  -1.3506
 160    -1.9571750219883604  4.8471617680613326  -2.2677429999999998
 161    -1.1434831820373597  3.625675882348506  -1.0760034699410734
 162    -1.7324313611064563  -1.9784470959587745  1.1324674518192701
 163    -1.3404899089113842  -2.1236306476940459  1.2555711561010234
 164    -1.0705080561120686  -2.0757414724593044  1.690868
 165    -1.0386374923283475  -1.6427233190332498  1.6754585542234817
 166    -1.1602334087699635  -1.4261692392435186  1.6674737289034647
 167    -1.7474252702665931  -1.2409098424871954  1.690868
 168    -0.32006637687629974  -1.2275446737324962  0.12793710342589626
 169    1.1948494645320769  -1.3472676160335562  0.084884620412252532
 170    1.7806195584844691  4.8650826300929548  -1.3506
 171    2.4200896760895283  -0.94908731846441241  0.46505875872618774
 172    0.024838015667990154  2.5476041368934217  -0.033728377773933893
 173    1.9839580024618622  2.4622004868907057  1.1031517394694876
 174    1.5672832205071454  2.6148111905501539  1.2392248152457812
 175    1.2961637279707814  2.5700315486954501  1.690868
 176    1.2614716085894035  2.111265022754615  1.6748870847628234
 177    1.3935408695139921  1.8797311926184028  1.6665878032350039
 178    2.0003003161950872  1.6897167039624059  1.690868
 179    -2.1622325793356882  1.3692863329901872  0.49903495703494161
 180    -1.9588486203844688  0.7717858710708716  1.690868
 181    2.3446935508679596  -0.54670047496425611  1.0884819509994497
 182    -1.1324843259594408  0.46433147961955257  0.28454052149375314
 183    0.55490915941099739  1.671666111903011  0.55235753066913285
 184    1.3659956773643049  0.69461851160725419  -0.58158673809447148
 185    -0.71509087228430901  2.0668294788822541  0.60440089534061492
 186    -2.0207115814758478  2.8134698293347187  -0.14400049000227322
 187    -1.5917659747856425  3.0962016794881619  -0.31932565785900668
 188    -1.3183904400768207  1.6331816606229297  -0.53824295134613231

