34  3  0  0
   1    -5.207211  -1.035703  -18.672039999999999
   2    -0.172545  6.8194369999999997  -18.672039999999999
   3    5.4887119999999996  2.5776590000000001  -12.090809999999999
   4    5.4887119999999996  2.5766499999999999  -18.672039999999999
   5    -0.18555769999999999  5.8146940000000003  -4.6619830000000002
   6    -3.6275680000000001  5.2715519999999998  -6.4186629999999996
   7    -3.4517030000000002  5.1253279999999997  -4.6619830000000002
   8    -0.184254  -0.97971629999999998  -6.4186649999999998
   9    -4.1313620000000002  2.5571199999999998  -6.4186639999999997
  10    -5.207211  6.0381879999999999  -12.090809999999999
  11    -0.172545  -1.8598619999999999  -12.090809999999999
  12    4.7518279999999997  -1.073401  -12.090809999999999
  13    4.7518279999999997  6.0381879999999999  -12.090809999999999
  14    3.182385  5.2715519999999998  -6.4186629999999996
  15    -5.207211  6.0004910000000002  -18.672039999999999
  16    4.7518279999999997  6.0004910000000002  -18.672039999999999
  17    -3.9294579999999999  2.5532020000000002  -4.6619830000000002
  18    -0.1842541  5.9825689999999998  -6.4186629999999996
  19    3.0076550000000002  5.1253279999999997  -4.6619830000000002
  20    -0.18555749999999999  -0.81184100000000003  -4.6619840000000003
  21    -0.17254520000000001  6.8627149999999997  -12.090809999999999
  22    -5.9448910000000001  2.5766499999999999  -18.672039999999999
  23    -0.17254520000000001  -1.8165819999999999  -18.672039999999999
  24    4.7518279999999997  -1.035703  -18.672039999999999
  25    3.0076550000000002  -0.1605415  -4.6619840000000003
  26    3.486291  2.5532020000000002  -4.6619830000000002
  27    -3.4517030000000002  -0.1605415  -4.6619840000000003
  28    -3.6275680000000001  -0.3067665  -6.4186649999999998
  29    3.182385  -0.3067665  -6.4186649999999998
  30    3.6868919999999998  2.5571199999999998  -6.4186639999999997
  31    -5.207211  -1.073401  -12.090809999999999
  32    -5.9448910000000001  2.5776590000000001  -12.090809999999999
  33    -0.17254510000000001  2.5766499999999999  -18.672039999999999
  34    -0.18555759999999999  2.5532020000000002  -4.6619830000000002

