66  4  0
    1      30    18    34    14
    2      30    11    12    29
    3      32    22    33     1
    4      33    13     3    16
    5       8    20    25    34
    6      13     2    33    21
    7      11    32    31     9
    8      18    30    21    14
    9      23    33    11    12
   10      15    32    22    33
   11      32    33    21    11
   12      30    13    21    14
   13       2    13    33    16
   14      33    32     1    31
   15      32    33    11    31
   16      23    33     1    31
   17      33    23    11    31
   18      15    32    33    10
   19      33    32    21    10
   20       2    33    21    10
   21       2    15    33    10
   22      28    11     9     8
   23      18     7    34     5
   24       3    33    16     4
   25      28    11    31     9
   26      32    28    31     9
   27      21    32    11     9
   28      18     6    21     9
   29      12    33     3    24
   30      18     9     8    34
   31      11    30     8    29
   32      21     6    10     9
   33      32    21    10     9
   34       6    32    10     9
   35      30    18    21     8
   36      30    21    11     8
   37      21    18     9     8
   38      11    21     9     8
   39      19    30    34    14
   40      19    30    26    34
   41      27    20     8    34
   42      23    33    12    24
   43      18    19    34    14
   44      19    18    34     5
   45      30    18     8    34
   46       7    17     9    34
   47       9    17    27    34
   48      30    25    26    34
   49       6     7     9    34
   50      18     6     9    34
   51       6    18     7    34
   52      28    27     8    34
   53       9    28     8    34
   54      28     9    27    34
   55      30     8    29    34
   56      29     8    25    34
   57      30    29    25    34
   58      30    13    14     3
   59      11    30    12     3
   60      12    30    29     3
   61      33    11    12     3
   62      13    30    21     3
   63      21    30    11     3
   64      33    13    21     3
   65      33    21    11     3
   66       3    33     4    24

